1.00000000
1.00000000
0.98832685
0.98443580
0.97276265
0.96887160
0.96498054
0.96108949
0.95719844
0.94163424
0.93774319
0.92996109
0.92607004
0.92217899
0.91828794
0.91439689
0.90661479
0.90272374
0.87937743
0.87548638
0.87159533
0.86770428
0.85992218
0.82101167
0.81712062
0.81322957
0.80933852
0.80544747
0.80155642
0.79377432
0.77821012
0.77431907
0.77431907
0.77042802
0.76653696
0.75097276
0.74708171
0.74319066
0.74319066
0.73540856
0.73151751
0.72373541
0.71984436
0.71595331
0.71206226
0.70817121
0.70428016
0.70428016
0.69260700
0.68871595
0.68482490
0.66926070
0.65369650
0.63813230
0.63424125
0.62256809
0.62256809
0.61867704
0.61478599
0.60311284
0.59533074
0.57198444
0.56809339
0.56420233
0.55642023
0.55252918
0.54863813
0.54474708
0.53696498
0.53307393
0.52918288
0.49805447
0.45914397
0.45914397
0.45136187
0.45136187
0.43968872
0.43190661
0.42801556
0.42412451
0.40856031
0.40466926
0.38521401
0.38132296
0.37354086
0.36964981
0.36575875
0.35797665
0.32295720
0.31517510
0.31517510
0.21789883
0.15953307
0.07392996
0.07392996
0.07392996
0.07392996
0.07392996
0.07392996
0.05058366
0.04669261
0.04669261
0.04669261
0.04280156
0.04280156
0.04280156
0.04280156
0.04280156
0.03501946
0.03501946
0.03501946
0.03501946
0.03501946
0.03501946
0.03501946
0.01945525
0.01945525
0.01945525
0.01945525
0.01945525
0.01945525
0.01556420
0.01556420
0.01556420
0.01556420
0.01556420
0.01556420
0.01556420
0.01556420
0.01556420
0.01167315
0.01167315
0.01167315
0.01167315
0.01167315
0.01167315
0.00778210
0.00778210
0.00778210
0.00778210
0.00778210
0.00778210
0.00778210
0.00778210
0.00778210
0.00389105
0.00389105
0.00389105
0.00389105
0.00389105
0.00389105
0.00389105
0.00389105
0.00389105
0.00389105
0.00389105
0.00389105
0.00389105
0.00389105
0.00389105
0.00389105
0.00389105
0.00389105
0.00389105
0.00389105
0.00389105
0.00389105
0.00389105
0.00389105
0.00389105
0.00389105
0.00389105
0.00389105
0.00389105
0.00389105
0.00389105
0.00389105
0.00389105
0.00389105
0.00389105
0.00389105
0.00389105
0.00389105
0.00389105
0.00389105
0.00389105
0.00389105
0.00389105
0.00389105
0.00389105
0.00389105
0.00389105
0.00389105
0.00389105
0.00389105
0.00389105
0.00389105
0.00389105
0.00389105
0.00389105
0.00389105
0.00389105
0.00389105
0.00389105
0.00389105
0.00389105
0.00389105
0.00389105
0.00389105
0.00389105
0.00389105
0.00389105
0.00389105
0.00389105
0.00389105
0.00389105
0.00389105
0.00389105
0.00389105
0.00389105
0.00389105
0.00389105
0.00389105
0.00389105
0.00389105
0.00389105
0.00389105
0.00389105
0.00389105
0.00389105
0.00389105
0.00389105
0.00389105
0.00389105
0.00389105
0.00389105
0.00389105
0.00389105
0.00389105
0.00389105
0.00389105
0.00389105
0.00389105
0.00389105
0.00389105
0.00389105
0.00389105
0.00389105
0.00389105
0.00389105
0.00389105
0.00389105
0.00389105
0.00389105
0.00389105
0.00389105
0.00389105
0.00389105
0.00389105
0.00389105
0.00389105
0.00389105
0.00389105
0.00389105
0.00389105
0.00389105
0.00389105
0.00389105
0.00389105
0.00389105
0.00389105
0.00389105
0.00389105
0.00389105
0.00389105
0.00389105
0.00389105
0.00389105
0.00389105
0.22643404
0.00000000
