192
55
93
187
249
63
265
127
54
150
53
21
219
60
70
151
171
108
43
89
261
56
105
166
109
14
3
255
165
161
78
139
273
156
58
11
176
106
263
102
174
177
57
97
12
267
257
82
103
66
104
270
271
47
114
152
268
250
59
266
107
181
40
175
129
68
62
83
185
168
259
269
274
10
248
169
178
7
170
130
197
13
233
67
16
85
61
234
182
95
80
18
262
121
136
243
167
39
123
218
147
154
5
77
212
132
225
232
8
71
196
221
240
74
180
72
48
220
251
28
235
133
52
38
124
88
4
246
73
189
241
272
111
76
155
162
198
24
134
19
90
110
131
258
277
