126
4
96
1
39
74
40
165
94
101
111
22
43
65
134
32
27
109
82
104
95
53
63
76
3
98
88
121
93
147
56
133
155
86
114
124
181
61
167
2
62
11
18
157
153
70
171
71
15
164
151
81
100
73
179
30
172
69
92
89
28
83
176
166
7
17
154
57
123
45
132
31
66
115
64
38
139
35
55
36
112
137
16
33
129
130
140
185
183
150
118
156
23
24
146
127
75
186
212
78
192
19
85
99
8
211
144
42
90
97
25
117
79
107
13
135
46
180
44
91
58
162
119
26
14
6
12
54
5
20
149
120
29
116
67
87
108
9
34
21
103
72
47
59
68
41
48
10
102
50
